,[1] frontiers and challenges of artificial...,[2] a survey on some artificial...,[3] research on middle school english...,[78] the future of driving: a...,[55] the impact of generative artificial...,[199] generative ai for content discovery...,[301] generative artificial intelligence depende,[258] nursing judgment in the age...,[244] unlocking ancient wisdom with modern...,[158] thematic analysis and artificial intellige
[1] frontiers and challenges of artificial...,1.0,0.8426946997642517,0.7938364744186401,0.8865513205528259,0.8038346767425537,0.8142017722129822,0.8800613880157471,0.8564550280570984,0.8658223152160645,0.8327101469039917
[2] a survey on some artificial...,0.8426946997642517,1.0,0.8531716465950012,0.8977846503257751,0.7238407731056213,0.8116927742958069,0.8067476153373718,0.8312028050422668,0.8711578845977783,0.8045369386672974
[3] research on middle school english...,0.7938364744186401,0.8531716465950012,1.0,0.8118526935577393,0.7092595100402832,0.7763369083404541,0.7762231230735779,0.8115743398666382,0.8426209092140198,0.7825239896774292
[78] the future of driving: a...,0.8865513205528259,0.8977846503257751,0.8118526935577393,1.0,0.7796160578727722,0.8270841240882874,0.8426644802093506,0.8327140808105469,0.8658381104469299,0.8395171761512756
[55] the impact of generative artificial...,0.8038346767425537,0.7238407731056213,0.7092595100402832,0.7796160578727722,1.0,0.7310735583305359,0.8594920635223389,0.79215407371521,0.7533805966377258,0.7309662103652954
[199] generative ai for content discovery...,0.8142017722129822,0.8116927742958069,0.7763369083404541,0.8270841240882874,0.7310735583305359,1.0,0.76131272315979,0.7589631080627441,0.8094927072525024,0.7749158143997192
[301] generative artificial intelligence depende,0.8800613880157471,0.8067476153373718,0.7762231230735779,0.8426644802093506,0.8594920635223389,0.76131272315979,1.0,0.8850034475326538,0.8233879208564758,0.8400166034698486
[258] nursing judgment in the age...,0.8564550280570984,0.8312028050422668,0.8115743398666382,0.8327140808105469,0.79215407371521,0.7589631080627441,0.8850034475326538,1.0,0.8492034077644348,0.8200832009315491
[244] unlocking ancient wisdom with modern...,0.8658223152160645,0.8711578845977783,0.8426209092140198,0.8658381104469299,0.7533805966377258,0.8094927072525024,0.8233879208564758,0.8492034077644348,1.0,0.8427605032920837
[158] thematic analysis and artificial intellige,0.8327101469039917,0.8045369386672974,0.7825239896774292,0.8395171761512756,0.7309662103652954,0.7749158143997192,0.8400166034698486,0.8200832009315491,0.8427605032920837,1.0
