,[1] frontiers and challenges of artificial...,[2] a survey on some artificial...,[3] research on middle school english...,[78] the future of driving: a...,[55] the impact of generative artificial...,[199] generative ai for content discovery...,[301] generative artificial intelligence depende,[258] nursing judgment in the age...,[244] unlocking ancient wisdom with modern...,[158] thematic analysis and artificial intellige
[1] frontiers and challenges of artificial...,1.0,0.1016949152542373,0.08771929824561403,0.11020408163265306,0.08522727272727272,0.08,0.08870967741935484,0.08185053380782918,0.10144927536231885,0.09448818897637795
[2] a survey on some artificial...,0.1016949152542373,1.0,0.1118421052631579,0.08974358974358974,0.0875,0.102803738317757,0.0811965811965812,0.0749063670411985,0.10471204188481675,0.10909090909090909
[3] research on middle school english...,0.08771929824561403,0.1118421052631579,1.0,0.07894736842105263,0.10738255033557047,0.07920792079207921,0.05627705627705628,0.07751937984496124,0.12222222222222222,0.08653846153846154
[78] the future of driving: a...,0.11020408163265306,0.08974358974358974,0.07894736842105263,1.0,0.06808510638297872,0.059782608695652176,0.06796116504854369,0.07374631268436578,0.054945054945054944,0.08152173913043478
[55] the impact of generative artificial...,0.08522727272727272,0.0875,0.10738255033557047,0.06808510638297872,1.0,0.12871287128712872,0.09691629955947137,0.08846153846153847,0.11290322580645161,0.09259259259259259
[199] generative ai for content discovery...,0.08,0.102803738317757,0.07920792079207921,0.059782608695652176,0.12871287128712872,1.0,0.04891304347826087,0.04128440366972477,0.06338028169014084,0.14814814814814814
[301] generative artificial intelligence depende,0.08870967741935484,0.0811965811965812,0.05627705627705628,0.06796116504854369,0.09691629955947137,0.04891304347826087,1.0,0.10365853658536585,0.08333333333333333,0.06486486486486487
[258] nursing judgment in the age...,0.08185053380782918,0.0749063670411985,0.07751937984496124,0.07374631268436578,0.08846153846153847,0.04128440366972477,0.10365853658536585,1.0,0.0958904109589041,0.0547945205479452
[244] unlocking ancient wisdom with modern...,0.10144927536231885,0.10471204188481675,0.12222222222222222,0.054945054945054944,0.11290322580645161,0.06338028169014084,0.08333333333333333,0.0958904109589041,1.0,0.08391608391608392
[158] thematic analysis and artificial intellige,0.09448818897637795,0.10909090909090909,0.08653846153846154,0.08152173913043478,0.09259259259259259,0.14814814814814814,0.06486486486486487,0.0547945205479452,0.08391608391608392,1.0
