,[1] frontiers and challenges of artificial...,[99] generative artificial intelligence: transf,[150] a looking glass into a...,[199] generative ai for content discovery...,[208] comparison of the performances of...,[250] commercial products using generative art,[299] integrating generative artificial intellig,[300] enhancing simulation facilitator debriefing usin,[50] human-artificial intelligence synergy (a,[86] research on the innovation of...
[1] frontiers and challenges of artificial...,1.0,0.40096333622932434,0.32705792784690857,0.4050641655921936,0.34343236684799194,0.4881579279899597,0.37170302867889404,0.3129487633705139,0.32304075360298157,0.2926514148712158
[99] generative artificial intelligence: transf,0.40096333622932434,1.0,0.41551679372787476,0.3966391682624817,0.34405502676963806,0.35660213232040405,0.2892856001853943,0.40334105491638184,0.34704649448394775,0.3921513259410858
[150] a looking glass into a...,0.32705792784690857,0.41551679372787476,1.0,0.35595056414604187,0.2584630846977234,0.30742308497428894,0.2148127257823944,0.43733644485473633,0.23752452433109283,0.2546706199645996
[199] generative ai for content discovery...,0.4050641655921936,0.3966391682624817,0.35595056414604187,1.0,0.25646817684173584,0.4059567451477051,0.38319945335388184,0.33006972074508667,0.32321158051490784,0.37362563610076904
[208] comparison of the performances of...,0.34343236684799194,0.34405502676963806,0.2584630846977234,0.25646817684173584,1.0,0.4121902585029602,0.26938632130622864,0.4337311089038849,0.3254322409629822,0.35940560698509216
[250] commercial products using generative art,0.4881579279899597,0.35660213232040405,0.30742308497428894,0.4059567451477051,0.4121902585029602,1.0,0.30044645071029663,0.4476984143257141,0.2423647940158844,0.2918945252895355
[299] integrating generative artificial intellig,0.37170302867889404,0.2892856001853943,0.2148127257823944,0.38319945335388184,0.26938632130622864,0.30044645071029663,1.0,0.23918819427490234,0.3230896294116974,0.37397924065589905
[300] enhancing simulation facilitator debriefing usin,0.3129487633705139,0.40334105491638184,0.43733644485473633,0.33006972074508667,0.4337311089038849,0.4476984143257141,0.23918819427490234,1.0,0.44811975955963135,0.42870914936065674
[50] human-artificial intelligence synergy (a,0.32304075360298157,0.34704649448394775,0.23752452433109283,0.32321158051490784,0.3254322409629822,0.2423647940158844,0.3230896294116974,0.44811975955963135,1.0,0.4498555362224579
[86] research on the innovation of...,0.2926514148712158,0.3921513259410858,0.2546706199645996,0.37362563610076904,0.35940560698509216,0.2918945252895355,0.37397924065589905,0.42870914936065674,0.4498555362224579,1.0
