,[1] frontiers and challenges of artificial...,[99] generative artificial intelligence: transf,[150] a looking glass into a...,[199] generative ai for content discovery...,[208] comparison of the performances of...,[250] commercial products using generative art,[299] integrating generative artificial intellig,[300] enhancing simulation facilitator debriefing usin,[50] human-artificial intelligence synergy (a,[86] research on the innovation of...
[1] frontiers and challenges of artificial...,1.0,0.8998891115188599,0.8242537975311279,0.8142017722129822,0.7646746039390564,0.8721230626106262,0.8819538950920105,0.8526096940040588,0.871149480342865,0.8710010051727295
[99] generative artificial intelligence: transf,0.8998891115188599,1.0,0.8602479100227356,0.8141639232635498,0.829480767250061,0.8517638444900513,0.8662707805633545,0.8604578971862793,0.8757039904594421,0.8631568551063538
[150] a looking glass into a...,0.8242537975311279,0.8602479100227356,1.0,0.7514206767082214,0.7782778143882751,0.7873638272285461,0.8315994739532471,0.8134292960166931,0.7915396094322205,0.8339589238166809
[199] generative ai for content discovery...,0.8142017722129822,0.8141639232635498,0.7514206767082214,1.0,0.7124438285827637,0.8094915151596069,0.7770944237709045,0.7246427536010742,0.7641348242759705,0.8063619136810303
[208] comparison of the performances of...,0.7646746039390564,0.829480767250061,0.7782778143882751,0.7124438285827637,1.0,0.7784507870674133,0.8114249110221863,0.7967368960380554,0.8187058568000793,0.8349908590316772
[250] commercial products using generative art,0.8721230626106262,0.8517638444900513,0.7873638272285461,0.8094915151596069,0.7784507870674133,1.0,0.8551849126815796,0.8440837264060974,0.8530491590499878,0.8698531985282898
[299] integrating generative artificial intellig,0.8819538950920105,0.8662707805633545,0.8315994739532471,0.7770944237709045,0.8114249110221863,0.8551849126815796,1.0,0.8429425358772278,0.8545528054237366,0.8738391399383545
[300] enhancing simulation facilitator debriefing usin,0.8526096940040588,0.8604578971862793,0.8134292960166931,0.7246427536010742,0.7967368960380554,0.8440837264060974,0.8429425358772278,1.0,0.8702237010002136,0.8764328360557556
[50] human-artificial intelligence synergy (a,0.871149480342865,0.8757039904594421,0.7915396094322205,0.7641348242759705,0.8187058568000793,0.8530491590499878,0.8545528054237366,0.8702237010002136,1.0,0.8654898405075073
[86] research on the innovation of...,0.8710010051727295,0.8631568551063538,0.8339589238166809,0.8063619136810303,0.8349908590316772,0.8698531985282898,0.8738391399383545,0.8764328360557556,0.8654898405075073,1.0
