,[1] frontiers and challenges of artificial...,[99] generative artificial intelligence: transf,[150] a looking glass into a...,[199] generative ai for content discovery...,[208] comparison of the performances of...,[250] commercial products using generative art,[299] integrating generative artificial intellig,[300] enhancing simulation facilitator debriefing usin,[50] human-artificial intelligence synergy (a,[86] research on the innovation of...
[1] frontiers and challenges of artificial...,1.0,0.28562259306803595,0.17205323193916355,0.17680608365019013,0.2836719337848006,0.2755966127790608,0.2433460076045627,0.2657393850658858,0.23197781885397417,0.2775665399239544
[99] generative artificial intelligence: transf,0.28562259306803595,1.0,0.13735558408215665,0.14056482670089854,0.2670089858793325,0.27984595635430043,0.27278562259306804,0.2554557124518614,0.2811296534017972,0.27920410783055194
[150] a looking glass into a...,0.17205323193916355,0.13735558408215665,1.0,0.23529411764705888,0.14823175319789317,0.15935334872979212,0.18437499999999996,0.14641288433382138,0.1728280961182994,0.22002635046113306
[199] generative ai for content discovery...,0.17680608365019013,0.14056482670089854,0.23529411764705888,1.0,0.15048908954100826,0.1616628175519631,0.19687500000000002,0.14275256222547583,0.1691312384473198,0.2239789196310935
[208] comparison of the performances of...,0.2836719337848006,0.2670089858793325,0.14823175319789317,0.15048908954100826,1.0,0.21670428893905191,0.27012791572610984,0.23060029282576866,0.25808878856282924,0.2686230248306998
[250] commercial products using generative art,0.2755966127790608,0.27984595635430043,0.15935334872979212,0.1616628175519631,0.21670428893905191,1.0,0.2663587374903772,0.22181551976573943,0.2586605080831409,0.29330254041570436
[299] integrating generative artificial intellig,0.2433460076045627,0.27278562259306804,0.18437499999999996,0.19687500000000002,0.27012791572610984,0.2663587374903772,1.0,0.2701317715959004,0.2532347504621072,0.27812499999999996
[300] enhancing simulation facilitator debriefing usin,0.2657393850658858,0.2554557124518614,0.14641288433382138,0.14275256222547583,0.23060029282576866,0.22181551976573943,0.2701317715959004,1.0,0.2686676427525623,0.27891654465592974
[50] human-artificial intelligence synergy (a,0.23197781885397417,0.2811296534017972,0.1728280961182994,0.1691312384473198,0.25808878856282924,0.2586605080831409,0.2532347504621072,0.2686676427525623,1.0,0.2800369685767098
[86] research on the innovation of...,0.2775665399239544,0.27920410783055194,0.22002635046113306,0.2239789196310935,0.2686230248306998,0.29330254041570436,0.27812499999999996,0.27891654465592974,0.2800369685767098,1.0
