,[1] frontiers and challenges of artificial...,[2] a survey on some artificial...,[3] research on middle school english...,[78] the future of driving: a...,[55] the impact of generative artificial...,[199] generative ai for content discovery...,[301] generative artificial intelligence depende,[258] nursing judgment in the age...,[244] unlocking ancient wisdom with modern...,[158] thematic analysis and artificial intellige
[1] frontiers and challenges of artificial...,1.0,0.2709125475285171,0.2260711030082042,0.29067121729237766,0.20919324577861165,0.17680608365019013,0.2770306616460463,0.23895899053627756,0.2794591113972955,0.18060836501901145
[2] a survey on some artificial...,0.2709125475285171,1.0,0.28805834092980853,0.27758816837315126,0.2467166979362101,0.1966292134831461,0.25336202259279184,0.22436908517350163,0.28589826142949126,0.21685393258426966
[3] research on middle school english...,0.2260711030082042,0.28805834092980853,1.0,0.2929465301478953,0.2215132178669098,0.18049225159525983,0.27380311995696616,0.2693217665615142,0.2891178364455892,0.17411121239744753
[78] the future of driving: a...,0.29067121729237766,0.27758816837315126,0.2929465301478953,1.0,0.2804323094425484,0.12627986348122866,0.24421732114039807,0.27760252365930604,0.2627986348122867,0.12457337883959041
[55] the impact of generative artificial...,0.20919324577861165,0.2467166979362101,0.2215132178669098,0.2804323094425484,1.0,0.1772983114446529,0.2727272727272727,0.23619873817034698,0.26980038634900194,0.17448405253283306
[199] generative ai for content discovery...,0.17680608365019013,0.1966292134831461,0.18049225159525983,0.12627986348122866,0.1772983114446529,1.0,0.12157073695535237,0.09069400630914826,0.133290405666452,0.28740157480314965
[301] generative artificial intelligence depende,0.2770306616460463,0.25336202259279184,0.27380311995696616,0.24421732114039807,0.2727272727272727,0.12157073695535237,1.0,0.28154574132492116,0.272189349112426,0.11834319526627224
[258] nursing judgment in the age...,0.23895899053627756,0.22436908517350163,0.2693217665615142,0.27760252365930604,0.23619873817034698,0.09069400630914826,0.28154574132492116,1.0,0.2799684542586751,0.09345425867507884
[244] unlocking ancient wisdom with modern...,0.2794591113972955,0.28589826142949126,0.2891178364455892,0.2627986348122867,0.26980038634900194,0.133290405666452,0.272189349112426,0.2799684542586751,1.0,0.13908564069542817
[158] thematic analysis and artificial intellige,0.18060836501901145,0.21685393258426966,0.17411121239744753,0.12457337883959041,0.17448405253283306,0.28740157480314965,0.11834319526627224,0.09345425867507884,0.13908564069542817,1.0
