,[1] frontiers and challenges of artificial...,[99] generative artificial intelligence: transf,[150] a looking glass into a...,[199] generative ai for content discovery...,[208] comparison of the performances of...,[250] commercial products using generative art,[299] integrating generative artificial intellig,[300] enhancing simulation facilitator debriefing usin,[50] human-artificial intelligence synergy (a,[86] research on the innovation of...
[1] frontiers and challenges of artificial...,1.0,0.10964912280701754,0.1015625,0.08,0.07589285714285714,0.08571428571428572,0.0797872340425532,0.08530805687203792,0.07106598984771574,0.10303030303030303
[99] generative artificial intelligence: transf,0.10964912280701754,1.0,0.08982035928143713,0.06666666666666667,0.10588235294117647,0.08032128514056225,0.0990990990990991,0.10204081632653061,0.07234042553191489,0.10945273631840796
[150] a looking glass into a...,0.1015625,0.08982035928143713,1.0,0.12280701754385964,0.0625,0.07534246575342465,0.06451612903225806,0.05333333333333334,0.05263157894736842,0.08823529411764706
[199] generative ai for content discovery...,0.08,0.06666666666666667,0.12280701754385964,1.0,0.05806451612903226,0.06338028169014084,0.07692307692307693,0.06293706293706294,0.072,0.10526315789473684
[208] comparison of the performances of...,0.07589285714285714,0.10588235294117647,0.0625,0.05806451612903226,1.0,0.06198347107438017,0.11538461538461539,0.09787234042553192,0.08108108108108109,0.09895833333333333
[250] commercial products using generative art,0.08571428571428572,0.08032128514056225,0.07534246575342465,0.06338028169014084,0.06198347107438017,1.0,0.07352941176470588,0.06986899563318777,0.05581395348837209,0.08791208791208792
[299] integrating generative artificial intellig,0.0797872340425532,0.0990990990990991,0.06451612903225806,0.07692307692307693,0.11538461538461539,0.07352941176470588,1.0,0.10552763819095477,0.0918918918918919,0.13071895424836602
[300] enhancing simulation facilitator debriefing usin,0.08530805687203792,0.10204081632653061,0.05333333333333334,0.06293706293706294,0.09787234042553192,0.06986899563318777,0.10552763819095477,1.0,0.08056872037914692,0.11173184357541899
[50] human-artificial intelligence synergy (a,0.07106598984771574,0.07234042553191489,0.05263157894736842,0.072,0.08108108108108109,0.05581395348837209,0.0918918918918919,0.08056872037914692,1.0,0.08383233532934131
[86] research on the innovation of...,0.10303030303030303,0.10945273631840796,0.08823529411764706,0.10526315789473684,0.09895833333333333,0.08791208791208792,0.13071895424836602,0.11173184357541899,0.08383233532934131,1.0
